92.317326 0.200000 92.317326 12.660012 
95.117326 12.613661 95.117326 2.200000 
36.699997 18.200000 25.899997 18.200000 
66.918185 33.984927 95.117326 14.117599 
32.899997 33.200000 12.899997 33.200000 
32.950000 23.100000 32.899997 33.200000 
36.699997 33.200000 36.699997 18.200000 
62.983182 33.200000 36.699997 33.200000 
80.556557 20.772913 62.983182 33.200000 
12.899997 36.000000 63.866018 36.000000 
10.099997 36.400000 0.599997 36.200000 
10.099997 0.200000 10.099997 36.400000 
7.099997 38.200000 10.099997 38.200000 
0.199997 40.000000 7.099997 40.000000 
10.099997 38.200000 10.099997 40.200000 
10.099997 40.200000 5.099994 40.200000 
5.199994 41.603742 10.099997 41.500000 
12.899997 52.000000 12.899997 36.000000 
94.917326 0.200000 92.317326 0.200000 
95.117326 14.117599 95.117326 13.613661 
25.899997 23.100000 32.950000 23.100000 
25.899997 18.200000 25.899997 23.100000 
95.117326 1.400000 95.117326 0.600000 
12.899997 0.200000 10.099997 0.200000 
12.899997 33.200000 12.899997 0.200000 
94.917326 0.600000 94.917326 0.200000 
10.099997 41.500000 10.099997 52.102957 
10.099997 52.102957 12.899997 52.000000 
5.099994 40.200000 5.199994 41.603742 

92.317326 12.660012 92.084285 12.823188
90.408314 13.996716 81.375709 20.199337 

63.866018 36.000000 66.099033 34.558504 
95.117326 13.613661 95.217326 13.613661 
95.217326 13.613661 95.217326 12.613661
95.217326 12.613661 95.117326 12.613661 
95.117326 2.200000 95.217326 2.200000 
95.217326 1.400000 95.117326 1.400000 
95.117326 0.600000 94.917326 0.600000 
7.099997 40.000000 7.099997 38.200000 
73.401049 31.912001 75.153917 34.425548 
68.183340 35.516964 73.401049 31.912001 
69.895313 37.997430 68.183340 35.516964 
75.153917 34.425548 69.895313 37.997430 
70.007596 40.489198 71.113448 39.714872 
65.748035 34.785086 69.614335 40.276253 
71.113448 39.714872 77.052305 35.556440 
77.273321 34.302985 74.003935 29.633819 
74.003935 29.633819 73.840105 29.748534 
73.840105 29.748534 73.610674 29.420873 
73.446844 29.535589 73.389486 29.453673 
73.610674 29.420873 73.446844 29.535589 
80.499199 20.690998 80.556557 20.772913 
80.376326 20.777034 80.499199 20.690998 
80.146896 20.449373 80.376326 20.777034 
79.983065 20.564089 80.146896 20.449373 
75.736945 14.500000 79.983065 20.564089 
73.499997 14.500000 75.736945 14.500000 
73.499997 7.650000 73.499997 14.500000 
73.490429 0.164228 73.499997 7.650000 
92.317326 0.200000 85.151129 0.200000 
85.151129 0.200000 73.490429 0.164228 
95.317326 1.400000 95.217326 1.400000 
95.317326 0.600000 95.317326 1.400000 
95.517326 0.600000 95.317326 0.600000 
95.517326 0.200000 95.517326 0.600000 
105.198067 0.200000 95.517326 0.200000 
105.198067 0.600000 105.198067 0.200000 
105.598067 0.600000 105.198067 0.600000 
105.598067 15.568482 105.598067 7.050000 
105.598067 7.050000 105.598067 0.600000 
105.598067 15.568482 95.547634 14.548759 
95.317326 14.099635 95.547634 14.548759 
95.217326 13.613661 95.317326 13.613661 
95.317326 13.613661 95.317326 14.099635 
76.536086 34.819203 77.273321 34.302985 
77.052305 35.556440 76.536086 34.819203 
69.614335 40.276253 69.778165 40.161538 
69.778165 40.161538 70.007596 40.489198 



